640
867
750
440
20
804
243
986
721
368
562
231
3
320
247
627
527
611
336
1
565
333
282
758
850
70
888
386
319
781
152
787
203
833
151
305
661
528
226
778
759
306
278
753
173
931
738
322
82
20
857
992
467
183
199
934
400
47
721
786
334
378
908
423
954
89
201
491
918
70
893
374
812
89
797
166
696
851
639
747
896
128
634
982
605
964
973
889
305
6
404
332
536
569
747
801
471
302
78
523
450
194
315
187
171
522
591
691
949
260
321
590
406
478
679
898
604
121
827
699
204
48
906
251
957
978
210
171
675
607
914
122
354
762
309
952
538
488
177
515
556
660
884
661
564
578
367
280
388
36
566
120
435
874
968
157
822
61
822
765
332
973
640
858
483
563
764
347
158
908
294
941
544
293
335
94
24
343
505
384
460
799
472
52
622
471
351
738
150
205
17
219
256
139
900
225
358
212
761
388