272
214
9
880
524
775
925
321
651
745
244
373
210
410
448
940
435
68
247
338
265
446
458
86
564
888
501
816
647
327
89
426
378
880
739
652
250
686
217
32
622
77
361
426
815
133
396
397
539
878
469
750
51
795
80
47
542
241
947
669
454
55
429
180
530
511
506
164
194
197
923
143
654
615
62
450
232
129
180
225
697
762
235
927
643
925
161
898
407
952
845
565
224
630
285
678
443
240
233
658
561
356
224
824
14
705
645
723
939
247
976
887
218
105
611
994
355
518
611
153
897
700
843
497
179
314
214
340
854
326
820
108
536
202
799
375
179
79
576
470
659
914
69
936
756
639
860
170
158
501
350
873
773
920
139
892
795
477
6
361
379
836
615
530
314
669
74
985
793
308
36
549
785
674
531
511
955
480
872
217
92
574
163
302
543
445
308
376
961
353
858
751
14
978
910
854
446
186
267
124