89
50
111
114
103
104
37
120
107
45
116
90
41
115
116
101
82
117
65
69
45
66
124
97
115
113
106
48
95
50
42
55
55
56
80
108
123
116
108
51
53
89
90
76
51
66
120
109
110
36
43
48
73
52
81
49
52
82
101
119
82
46
78
98
118
62
110
98
90
103
37
114
54
97
48
34
102
118
66
52
72
78
61
115
126
51
55
62
68
69
45
60
88
122
101
42
63
108
122
101
35
42
52
83
121
80
68
109
67
47
47
113
91
126
58
73
45
78
107
88
50
124
36
117
37
40
63
127
126
86
64
76
52
79
104
42
95
99
85
72
100
116
44
113
113
53
35
36
91
52
94
52
106
46
75
56
71
70
110
96
34
123
110
45
73
120
95
68
34
107
55
123
80
36
54
73
44
106
99
117
40
114
45
113
56
79
98
81
113
106
63
94
70
110
65
110
99
39
62
77
68
89
98
35
44
98
95
70
114
117
94
112
57
66
115
104
97
114
34
39
71
81
65
60
106
85
117
65
35
69
82
87
112
116
106
108
68
60
48
35
122
105
44
42
83
89
101
47
75
103
51
74
75
93
68
48
101
123
49
116
124
110
108
83
88
64
112
101
106
115
52
68
112
59
111
114
83
74
81
96
119
53
85
43
84
86
44
41
123
69
112
71
45
126
59
109
51
76
73
71
40
75
68
104
81
71
114
34
110
125
45
46
81
97
91
95
108
72
88
103
64
91
39
54
59
70
114
50
119
121
66
59
44
118
117
105
73
113
36
116
81
41
85
46
54
52
107
64
119
112
50
35
112
63
69
69
81
99
127
70
87
109
63
96
88
54
82
91
104
119
85
95
46
82
64
64
126
53
102
55
110
111
77
98
94
98
83
61
122
120
65
103
92
51
77
89
110
120
117
105
35
92
98
62
84
96
37
75
122
77
83
59
40
46
119
95
99
46
124
72
40
119
108
112
108
82
123
112
78
46
50
41
53
39
120
35
59
36
63
100
56
96
114
58
68
55
87
115
107
67
126
103
63
121
122
109
79
41
89
93
95
81
118
38
94
100
87
110
72
89
110
123
53
77
37
102
85
86
45
107
65
65
95
83
64
107
58
93
53
107
73
80
101
116
92
71
36
118
104
64
68
83
94
87
72
116
91
40
108
107
79
36
120
85
95
100
51
82
125
47
59
125
52
126
117
79
56
72
57
41
75
86
116
87
92
125
118
107
123
58
77
75
46
107
115
123
82
123
89
126
102
94
110
58
65
75
71
57
45
90
80
115
60
121
110
35
89
92
47
109
117
121
119
126
124
66
71
73
103
91
113
80
112
62
105
73
89
53
124
95
82
56
53
100
65
127
53
54
37
74
53
82
45
104
67
106
81
47
105
97
38
46
72
124
44
93
101
65
109
109
64
48
109
52
115
114
85
109
48
70
112
127
50
101