7150348926
1584637092
0748239165
1523708964
7150869234
3982057416
6097324581
3159678042
6821395704
4710586239
4087695231
5267490183
4502167839
6023749851
8321974650
4872035916
5438092761
3526904817
8374562910
4805761392
2573809614
1309654728
9534106728
6251789340
8239041567
4891026375
9465873120
8162057493
4075196283
1630942857
5238016749
0789341256
1867452309
9035721846
8710325496
8490752361
6583702914
3016928547
8295617043
6091847523
0156948237
2485016793
0943657128
5714230689
7135948062
6851904723
4732601958
7053286914
8215094736
0275468139
8346950721
2906715834
4380769251
0854193762
3456098127
7254190683
1486375902
6310258749
6834290517
3649702581
3862794105
2187463590
7805423169
8476592130
4812359760
2398745061
0526349817
2895314760
0239158647
0682753149
2935176084
7309846251
1095832467
3892164750
6502487931
5436827109
0518462739
8172649503
1963472850
5476381902
9143672850
0739582461
1508672934
7245680139
7648235190
9356871042
4593261807
6210539478
9708653241
2103857694
4725031869
0134786529
7985412630
5014362879
6281073945
3740912568
3506982174
2697384501
6904528173
2547089316
3041698275
1206985437
6512397480
6537289401
7439851620
4785236901
0427536981
6189543702
9128340576
5347682091
8512793046
5690321874
0981236745
3879264105
8352076941
9074532618
3928176450
4189230576
7421396850
7623415098
4268905731
6890712543
9763510284
3074159628
3051264879
0841623975
8721950634
3295708416
8760145329
7241960358
2749360158
1670324985
8304726591
0954376182
3875619204
4518692730
9143758062
2987651304
2763594108
5904372186
7549236108
8917625430
9560378142
8307452196
7386951204
4305129687
8256714309
9307218645
5479623810
5697823401
7804126935
6843501297
2156790438
1208749536
1503678429
4157268390
4372189650
8709641235
2493016587
0958124736
2198306574
0134796852
8524067139
8905763241
8970261453
9587421603
8512704936
9346152078
4736219580
7205836491
7241960385
5271039648
5638421907
0469512783
0672539184
9238074156
1709436258
2319805647
3971205684
9305178264
4283079615
8169473205
3129478056
0948623175
7890463251
7324569801
5694721083
7098354261
0458136279
8495723106
4032169587
5283107469
7402915386
4718539206
6847291530
5614932807
0796538412
7801625934
1460539827
2045913768
2870139654
8396457012
5184329670
9721840563
8056791243
7415086392
6524938710
8764912530
7231809654
6354720981
0753192846
3495807126
6754289013
6471239805
6825947013
2583617409
6705194283
8576120493
4529071368
6320591487
5461032978
2165983470
7512069483
0576943128
1430768529
2094673581
9254730816
3524906718
5964720813
8469715320
4895273106
4106285937
5432917680
2619548730
3218740569
4258013697
7621805943
8735024961
6302459187
2437619085
4031685972
2983546170
7198526430
7948362510
3872640915
3617498025
6291783045
7156384920
0514238796
4206985173
8591627430
5094176238
5821673904
1657839204
4812597630
8912736405
2861953074
5149863720
7142069853
4187320596
9508736241
2154068379
3472869150
0245763981
4305279861
1486752093
0794321856
5097843621
2360785941
9376215480
3715462890
9687143520
0392751846
0816247359
2095183476
7021389654
2640138597
2743065981
5294307816
7803591624
3501972864
6130785294
7658924031
3806157942
0745293618
4125307968
6270495183
8415367920
4385201976
5708461392
4278651093
3847502961
5023867194
8610753429
6914753028
5013629487
1045396278
3402817956
0231879654
0273915864
8409157236
9426057813
8174036295
7983150426
6543908721
8239160754
1897240365
5481720639
4013695287
2980431675
1837045269
2876541039
1637985042
1679438250
2564879301
8463502197
0562937814
2715390864
0279415368
5061872493
1640925387
2736581094
4183256790
8026549371
6753201489
1948602357
6381754290
4890271536
1459237068
5710493286
1609853247
4023657918
3864592071
0594128367
3972614850
9320584671
2109748536
5712698034
1638729540
9637150248
8246035197
1684359702
5913846207
3548216790
5918367240
2356917408
1973842605
9473251806
0632178495
8609125734
5760194283
0284936571
0291864753
7609428531
5826349017
9842350167
4657028193
3726850914
7405318962
4273986051
2180753946
5698347201
8016572934
7259016348
8235691470
1562738490
8625071493
2198065437
7412856390
5937840621
4538960172
8317249650
7603582491
4381057962
7405136298
4025983167
2697304518
1693450782
5387162049
8305746192
2574168903
9823465701
2190357468
6834015297
1857063249
2856904713
5204719683
0741298653
7561820394
6103894275
2801653749
6049812735
5614329780
7492356081
0925748631
5194273860
6324095187
2706814395
1352908674
4873250916
9286541307
8032719456
9530827614
4591862307
7613925048
3560427198
5163974280
7826419035
8917350264
7068341925
6815792430
0249718536
4318579260
7296514803
2948307561
6935807214
9076518234
7246108539
7341280956
5892374610
3271590864
0716594238
6938420157
4837569120
1823654970
1583742096
3082769154
3506189472
7158026943
6437821095
9241053876
9184273560
8456021793
1786390425
5180629347
4896075321
8315790426
5968403712
5741208396
2847095613
5836012479
3976024518
2841957360
1250748396
0729436518