080050700000780900500002000400008080024307100005650300020000010000046030000001000
000008030000400000000019000600000900090000450200100507020010005709482579004075000
005200000000400100000000008180100007000000007008000709000080009030000035159026024
000007504600302100000000000490009900850670460700400003030050000008263008500516040
000000058070776702500900000910600340971080040010000000000190000000343020005000903
107000102001000000057000000000300004322990007094000800050009000000005063002900004
800000002076040074005030090080000050100700050000000000006062900000911000003050280
000090000000050360007170000602008000000100403002050000604090000370179000060010500
040520040403001080000000900700600010060000760801800000074000600000900008050509000
009904010000070300032201573650081146000806078003027000000000099600820740000500050
250000000000526074020040000090030000007080010071000608000040009000080300004300453
072100002000097000020008007034000501088008100300060007400909400050800400300500000
829004000600072000090500250300053409005810800009602000877000735001600004110064000
602001000040000600000780600090400000000006801050200053040020000000500900008308000
604000097925126000800100270080006602000018019324880000000700003000640190000940007
200100003000007000000000204807000001008000080905209053000000000100004099050029727
000800009104000030000070040000302600500000025000060000000009003000500001210004007
316200000000700200000004016700090004020015040057000000300080090023000008300000040
400008103830707160110090545000000000600200000008500000070005000800030054028067405
003600113520706080910021090700020038020030000004020005009000090868000060005008000
000200000500000033809000085000008280000000060002006700504000001400400100003073001
400001852102000507600408000800700040400090203060317003404000000300000000270000600
002000000009050605002000000000000000001600104000970001001000590200702003078040040
007006000000030960000000002400103900100008100006001000000300008006074376034008208
015400500000000007500900208300183068960022032000010700050014000007006400060002090
580003050010900020000000906772009040603000520000900108904000001500006800001004551
002080000004428299009006100000000100080000000000000300050301240920057600000050041
000058030023900000000000960000770080000800529590039700240000600000400041000000000
000043870001079100000090100006000620006050000201500927450100010040034048200000000
360105040000527007200074000003000871708000300000000906000009007050050000680000080
000800040000006696100015000900000000027003204003020090070000200000740000070000500
006020600200009100300003000400100200500000070040053094560000800006700030050023040
708200000000030391030000004000000009860000000592000000080008090047000000030840211
000400690960900038000500040076040000370002072080050005000000010002080490710671300
000724000030800800160000002690004900000100524010790043000000000000003000050500800
000078470010308057300800400025605000600030900000000702000090050000000000000601041
487000070018000500010000050000000089200205604000680000009900500000109000600008003
000400000007000008000000008390015907060800064000008411862670000000000970040380902
000540507007070208084060001258000000109003000003010000000005000000060000000000403
100000000000800000000020024010009000050006000070800383007004000066000002800270600
607100000080022000108000060000000000640000000305070400007000095010000560323207040
610470000000000000503000000620700600000003500003600009240000907900070060020011835
400030050050300000300000090075002200600950000150086000000102000042590767487000680
507000000034059000920108000000507009050000040100904000000705026000420180000000907
076051090005600008302700060160030200400208003009040087090002805700003100020810740
001298000000007200000003049510000060060902010030000095420800000008400000000125400
020700400100020079080000030004100000050060020000005800030000080590080001001007090
003004050000700006040100700600080004008000500500030007002008030900001000010500200
020060010304000709000401000901080406040070020208030501000905000107000602050010040
004010003720040060301007040402706000000000000000105408030500209060070084200080300
060003002003000600000090084700500000208000501000001008640020000009000800500400060
001007000003600284090004010600079008500000009800430007070800060128006400000900800
000325000004070100050000080046080790000000000027030510030000040002060800000158000
005470329020018060740000005259000800000603000008000471400000057080960010361025900
034090710000000005820500000010200003000608000900004070000001094600000000043080250
000809000900020007026040530019407350000000000038206710085010620400050001000602000
000100080842300000901020000408007020007010500060400903000070809000003457080005000
300005702000000030001607000040002000020904060000800090000706500010000000904200007
947100080080300902000007004000000345003401020000020000005674000000500008630000000
061000940007641200500000003080030070000907000090080010100000002009753400053000790
080000000050802006010060050005000321000030000374000900040020030800701040000000080
030020050000309000800605007003102900607000208004806500900208005000907000020030090
000000092495006000001070500000040070800302009060090000009020300000400785380000000
005104800000020000308000104800763001070408030900251008106000305000040000003502900
400007000007439020091000050000000205070000090908000000030000160050123400000900002
006312700200000004030070090000107000008060200000508000010030060400000005007256400
060000010000781000900000005008502100070608030005904600400000007000469000080000040
000000800900040000010008053600200008209801307400009001390700080000030002004000000
340200000500600340000000020000500004009000200100007000060000000015009008000003017
070000090002000800004207100900402001020090030700105008007509200009000500030000080
409060701010704090005000200800050003040302050500090006002000300050608070608070502
800004000000000010049000730000501203200000000031046970000070602008035000000020040
000005437000067080000890100704310600160000058020000700200504000005009000300000000
000008006000702000009040301010800050900020004070009080706030500000107000300200000
030000040002436700005000200800020007103000506600050002009000300001943600040000050
080103040060090003900076205103080070504000908070020301702540006600010090050807020
970030014000418000000000000607000108400603007803000602000000000000361000360020089
200000600030400010907006000000092805000803000804150000000500107070009020005000006
000090000460000038017000620006905100020403060009806400095000810270000054000080000
000071006000030945060000000402700090000000000050008102000000070524010000100920000
002006000860000500000800070000060290010030080024070000040002000006000031000700800
003090600075040190000702000100826009007000800600317004000405000049070250006080300